3103302214334124401342112414143032210142400232310144224441103033401212231024021323413312222434400240
4002421020224413212304240120330121402322013212011041104222221020111112342442102424300203423432333411
4421001102332400140400104214130404433040131100341103311001340004041131312432334211041401122232312101
1140001344242423003303430301430303111121213032040401234002041220340204113313002002432312341132230402
0111322212132240032143413100021442100042222012300303414033023232104000103432002240222313302002140334
4131313022211112043041433240114230111440311441431140142134224210131200133230231432334222311101224132
4102240114402114434110431301401021044210210342130104212041324020221341204201124420210332130044400342
4131133122134320444342140320324144440330233310204434224041312014011214103211423230222442243333434040
2200203343200330403024102113202443213204403021001012211433333233030413133201112341010241041103000144
2044310001021343334221410422222111040000202140303112230031212424414033332011313020032020442430340200
4302230003321442042210311004314201044002330402214004224422330231000221311433421242311043203142212303
1110433112303302100013442224034430114433220421233201030313423320044134100001401304424043440103221033
0010332233102324200403032241342443213223323014232322021220243321244321002430030011331432232214340234
0110112044424232034123042110422320414141120200232322211014313210234142202214242431111243103021332230
0211324232224130122104314020302321344403223220003424231040341024142212114033241120040221004044444123
3121403012012143111232000340213340221012444113322400013431222002432233313232411240422344122201332124
1310240333342144203103324222441121304322022111314033410112210442034440124140002224030412423133443023
1000220244233012203404133411013114240001443034340143120332203114402310011124420130420432342120012223
4123404201100040124242202012402141114441402242103310102222432344001231233001404303432304231132212442
0133133411143034004041233320314324140312330230244340444124130431022040143222422430204321202221100001
1133424444030240421433133201430241100021402113304202312401344414122100341303401031412110222144203404
3311330031111033430213401441201002202113213411022021344241122210014211143321301400314013324310330321
3133331123324121341331433243411324023034040144222330334223013321232340420104132330212440141030013320
0030433343044343232322312224423144401434124211444320131413303022212303001221003043042422400330130320
1431333131411030112321121334020313240234134434004340333300010141121104323111312203302042001232311301
1124240424120244033234220104212204401401123211142414141034140040412113230120413210214402131202114031
0330030242114121223321232321101433401233330312313244100332444011103214111104421200343133144343302442
0420221142343322443203332104003143143241143040102203134214420033010441211303124024402300211144213000
2443041302143400333101343322104142223030232423442114001024020404002210002124144311330341040301421334
0220100000344130440323311411221242114430104413220103110410300202130143304200134132003114413334203442
1213024214130403220104323402424022100303220402043211023013212313142211322403241224310433041414001030
0212234214313112402331440303032410400034003340034141041132330032324033143113134332332434301010230231
2031013423031423132420142343344111231043220001313210114210031331113223440344444143100232123431244444
2230044231020212000241303401232220000443304040021314112222220120442300102324013311314414212134022434
0040411414042003400023030110113433330122144320041101101203341213033400232141020411101434144242444243
3202331433421011400213010322214314043233121343232121322044243414044212412101222434020404210132233330
0013344230323412401302221301030420002221014124001024221334241211314232024444122214404031144414141401
3330344242301341411343143302323020333123013313034033002233003220202140023014431203002301000342203010
2023412423311300114334033114123214103221433021313410021023430133230113404320314344144114433240203032
1033120040000420142122221143412044220333220412301111440344240301214433422030242203333043330033432221
4441312414414420313131321422133104302424433411203033114241320042320411332234012211340114000130234243
0310432310113222333032301120241232311301232130142302031221022140423231002224022440242433020121331041
3002001423102410343011300234303244103211242213402200042300222001412203332231113202044132132221022322
3402104204140440030241432243040134231230031230230431403041043244304331411001312233411134214242314224
4424100034104134112103020114424113142012220444434114342130004323312212324120213124023341223341344404
4343120320413323221201223320012312040114123010033041212401130220444233100334402010300404422410440422
4030102433401133200041314231111314021442131441304312311002312224144443323133213010103023322144113302
0010401411231412044100441440412333113204124100333203213433140100433221002323233230302201122320221011
3311414041414220200333204324124010214111000040343420224102000204444440003014121413243114401232410212
0442201324202033044002233030110042340312122121303423120133410043434100040141041312242410003244420142
1413123442243023432334440020402421322122204311212124410312244020143141212422413124333203021302113412
1314444304400010324440213400441231323420020422323300101103220123023114304340400242143012403134211420
2030304142221420410340241202134211411442004404012120002310130310021423231242310214403140031111000140
4011102212222221410020423004000111041322004343340331031301041304243421142242234223440423231110014134
4011014222013310201331011430230001442402231322313140243004042101232240032213034334030224402410123143
0420201302211114410112222433412131232222204131341210043401434440130234343344121020212121212311200141
4414230434223422040133403003023110403132402344004143212101003232420334430301402424444140104201004141
1144001014142222234012133002230131000221020104142241403031140122132313223143013233134021430144123341
2212344312021042432423302212300304430204003021212420233332423422013121320242432322302443123020123322
1400411032121404221213420033033423120223113331040410332331320111030001201010122122044312321230000130
2321314440312041111203341304014234330300400434344301202304442014012010304110240243244404234312041123
2024444141011242341130344142003211441011231224443113214130212304121034413044124103034224412333013244
1333344203222300134220431400233403112332233131234433003244244123222313110101120000430100322412420402
4132122434213024100130222111313331204341120131421021241223130021241004004323034243403042400121231300
3010043030102240024240410143241142300430043123032341342203243031030334203341000233420003211444303323
4031313112211130032031013020141441041434100311211401300311312123314202042122201423241441044034120340
4032344424224403333424120024102400444444430424131204003134443024300413034331142231114431033100444331
2112333240323240103112320412424214312204433310144224211141044433023322143403200034110123421410444413
2242400244010410004124424400204402442013423424041340441310434104120042034301142311100240201403442103
1102132144231444431113034412434143243423330020430201021402021422421110404221401132220213341112043014
0140014104341331334010031121340031422142223112003313334223130022421012302421304402413222230022043131
3311413341232100234322020011233010311303200024121123132214043120312343222234223201442101044411410121
0404432002022124432313032100141242321330111401412344242344143320402040003224433332314204032420023122
2123013333422334333220243011200320141241203024201234043004331222234300141033020010111121433431232031
1111403203121121224022342210020000401444430011220302111413320213302031000312244301213221024404122210
2311313003441431334412232333320110201403304343223303131402203211333104212242241203221013324331141224
3243134014301343113133113441042203242403424422113421144341334204141240244442114120301104022131132101
3104214442301123434000133032100203441040234311311030021341402042344232111111033241420214421302403342
2444211402434301000222331412343411222404033032314334032103101422010341041443341223413101434330422000
0212422320233243310024344433021000333120412412044123340321101243312142003340211423011411210103044000
4002320442033334012301024300413312103024230022420422420433144402221410314303414012122144220203424440
1344200140041302134300033130443112004132232004011103011323204113400202110203240230204413032303014232
2123233121200033330104313011213440423100001223103321023302024214000034111303211440212031402030331143
2043240034241004323232010413004402404104203303220220220044023132030233443013423412222214403204132023
2002040344000223131312101233311012011003430411232011320434042120113023201040143123001031223023130422
1103204022201141040230322220423433140222221144331103114403313410212243042004343204411423224133031232
1320204111311121113131323240144204043212314110014413233230211400201003330202411342413432230112110221
2423102004431322111422104322114414040332334301141231114023113331040343421224320041400144020033132002
1132102340334022314241103211204310104003112343343010030114242203141200421104332043343132221414324434
1343212321041302223410123112404144012304341424201214302433431343431110314210204220301120223201120404
3334132310324441131144222412244003121331433102233043342343240111103431132234040244121200421101314431
2342102024430214220114244403122223023100111312113210413111131034143201430220240412142233343334431424
4322004214404021422213103034423114212034334142122031422204123420013322110402133310144004023201210330
4324104322020401210143111420201431423021222113440130412314241213023321404044443433141144042141312144
1130130134223213010122110130232212141134423104201324131334142303111124003302340133113021202412341320
1302344304433442024402321143110214242204220200344111042212034011302214120043404201030344042431132221
0342130412042433233330040344343242204120412013121330141121113122414144043311331024440432114021331114
4143102342300004312422112033232024431202310214214320041421311340202100441411110343431034041243211132
1000210014324112021144023020400314344113243103232103234313113344140223120340230030011334321112401130
2341234213142140021034410011444033200021121343330211342411404223244102333232030303420222123142403311
