4203303134230340331211400322212310020123310002020043230034442011204221004104423234340234412001243432
3222342111333103132043010120141233300410020032124423012303420234432432224401320131304131100201340121
4301311214221320201430003120011304102411141401002210011014033420212002131212141200441224011223144430
1202101043221341233142012010321113022104023233024220034141010222032044322412104020222401204414011020
2142302404220203333344414424440210202440000213322423441124232001301214430440114130002203412424424204
1402220202211111001404401423302213123431410030334412112413113124001303023331223340242411421010203340
2444113130102202221040343204230334411004030012433423400321410301422430023313403443210442021303434433
0223122134333414301242033214200300021142313304033412220133234443042324102240324322221331022344200444
3231001412320442240043200021324211043040440422241232202442203012242422300412432114124104432020410202
3102014403412233111422143411401331020012040434222001441210311434044112122301133233312200000231032420
3223114202003132012334423314142421113010103442142334034024001101124111431023040214030013244332410142
2403320313213233343011110132121212101030110110102230344101103043223022240104340441200312143001302142
0042220302304332212414013221111424200442440412014230031024131414431004224232424400401333012343021320
4033121114012024442041122232134101444110420414340221044200442330311432024011224211240304012420423202
0230222231014134031444112200311412302312122303012043340222002344042023133011041020410212404342321004
0221343003444423211301124212401140244403044100142142213024041322044222334301414242241102141030242341
3433003411431244321024344400103433100230040220003102304012233041123423213023432401031012340442122232
2204030331110411241432333331423123040331204420113434431120100043304011343301344044413430113100332233
2100140242222110302430334222003434444234142142002200440143134014340000400342323004032404114321113442
0244333432201313421013022143013413000303304311333143422232242404111244342403004422223220110031404211
4210231433323224140203411232144203203001001420311043212201104123100424021432120031301242313331121304
3140023332244101032211432411204412414400231010041322403100031030300210140201012131113110341024242344
2101231111142413011113100142103330311201204401033110400041334142112111044323324411233220031333210423
2333432040403101141331200241411103211001334234244112023232024031311100112113120244431003124213402323
1140334400040111114201131222240132121020200120400221223330030320121340312234040434040023300041231303
3033040201022120121043013313042202024434220214024343000213123421324442233302313301122423043201203401
3200420043422034224341322031104241204434441413430120404004300130232303224341143423431401220101110001
0241403341040440204342022210221402341141322230020340433011004430241224342401434010410130300240422431
4303314341103102010324431241104102200312312411131131242401212103003023112422412241131133223431110343
2022340202040303440231341124032232014201313402334404012223040441304244123043132402103040232412244220
3223204103422141021110034114233322434221320130223334311424320003344020420310321314440423004114013130
3242003341323242041401224121403110221201101330201120403313433233143043302402142312424443124142413110
0221343333012224310134332033420330403301324310212403323122403414340302213241242044312102311112223014
1241131413042201112142320423414332200310300330210330101244232041201331332000110422400333410222132222
2142342213011000013010403320003131442203300021121204300333021144342202222341304003000314322024100043
0233133004321100131310234030111044414021101221321442322324400333242214233244233432223042113014102423
0222032313421303311112114041043033423400401413401320032120400314310433430340434221402130012221203332
4024104404301343243032002230202320412434121020134201434303203032023312230034434230210320300402203422
0221342410443444402203141311012130030144440440022230024122132013224020344234442414323041123021013224
1131104323214030321310100222303100144424431213034114122000323304334423324201341200013311403432231223
1421322101122222031411220432313412020413002410221044024424341414144344341303143304231413334322220020
4432412212330023040231210242002440002302432431443321303023001403443140200133343424120310332111403013
1444302443210200133021013341000432110241043042110230210031014043401241124032331220422012314033413003
0002424242441043241041110420413433143301030411044321040442001224040313230004221332131423022012132113
4311042001413313120014201344411440110401334424000142442320043302043324323014213100111321312043324314
3221231324302324412143420103331434310001124413010202302320232440031403413402014020402243422321440212
4004312131034131314022400304431044304203030230323443231020411022331442332020241444334433410231130131
1420243010120042403400010243120242011133100231433142142341043324003011413132442443143332322224110344
1214401400402413242021022200202143140003033314101434430234110023200242011002100322414031322223232021
1203413441200210322031421232011214414422234314242233234344130302123104211144134110302414020223432214
4341034322113123012240043431140200101012323134212322312313410000420344143220444342211040401013323401
1404022243243003421233422024203431332121112042100202043012112000343133210002412230402402131214141440
0333430040321034111442323201334423341123134123121301412030100021022024230030423423200222302304020131
3213441004003032101030230341412044134232003001324324330443322004134134200140332322321014312420234244
0131323434224402214144134434222430022030132414010301133112103113442303314031041322142120444204114111
2400123333124143300234004331440434231434120230144010440441404133314441322303243240344022000431303422
4000000104332030043430344000414430111204431240241331404421120314320422304102401344322444343424200230
2231000410212314304210333303411022441124444420123000042322002430122311300202403311332404242203241214
2012210341342304300140332411414332303421141034041321223143231333211003443223140243304104033400022024
3432333102340141211114121010333434000211012101211344431332432242422314414010443202001232014132222114
4001221343023430300301203332114133024333314123231432321012241014202313124303123322222320001104442204
2111342204123201111210022120231111041012344431103042123224412112022003241002222331001313430231002134
1140033343101110443034400103011113344004313301211332001443133133212303403003321312444300220112224320
3331140342233333403203313021332240300221114421033444002242430210224222434404413344434022240120224104
1044240122333233411201132424314411223331442143434041024003343433140220302001433023210421103442320003
0441142212103102021120120122313202440032244111043211303042403134304023203033024410131131412230124132
4013321202141221334230342111230342344041123230204213130412444322430332323023411440434013314344031413
0021024123203140024321340443204002013143413404121233234440413131322300233240204311113132130004312012
2343342402042403111324001131220301344044134202400403343000034103312140042403303140431412440134424322
0300400131412010041214020031322132412220010240314104100033122321411140303404401144131333101430020423
1022132413402203121421114234203300103422001132323410034120024314034131223142413113302110013131410410
1100443202340142244243342304404032320123014412241330230222130012313430204241323342112241011431112324
4310001402041120210220333232221133303233223412021114433441423313312211213133020410334001313143034142
3024433334343400134422141210014201233043132320412021002322033113134221233103430403110034043424243244
4140430200011232111141141310424324312320331213402344343004224410122331410221110112110404121323101412
2120010214111233431042443340320442444142230233114041242230304302104113303332311213041442042420023140
3330012234414030320023033133242033412030402412141412304114011220143304222003310234433224204404022423
3110033343302414432112342011124133004020032432443134112234432240311012233233301221241324344043240124
2344112213212212011223304123114000221210414202114101411030301430444043220223003341104110314041441432
2012433414112311231230400013241134230232311242200311133411430213333243410303100041244001011304110332
0330401443020132234243341321442004240440234130240423332230334044431332322044103420420241240432220100
3112224330303340334303221343424243244042042201312413413402143030210432004243101214013112302100131301
3331241224022010204032412344140122331221344334213122041414044222133224321322440213344422433410001002
3424012011430023011012341104233233304140040444003342224123222224311404441032312321011003204310241100
1212111334002111412214143314244310111312314444200024214211331041440321104134110123102422140223324242
4430443414220242112410422244342224310111202342202101431432312231344423443022003210022301223224222043
1424401444201041340141402322131211300123302000013103144043102303122433034123234334304110044201331411
3120301441020242012203424331021422443310303222443311134224313431000123404114222003414211220342111413
3031233321224434213203432433223310222430242103134040334020200323034234222120423424004012424303232444
0403311124120200331440112343121100203141412140123403404242411324224200014231002233340400123040231102
2403204011122032044203010214333343230200220131343012424343300211411142431312202143444103114123400403
1042103334122022101321142411140203031204043124240223134031243400234304401124132230303324104140314331
4342124024144314243110414103204223423110403023213404143002003312240310400114043113212303424044202404
0220022341013440003023232244230234111331414044102144010401014011110002303334000413210132010423341210
4322031020343124333004334133414013342333424203342101140331331031144312103233324133213402234233143031
2111222324022304243014143300441430033313112024041110131212220232202001131040003004301032341203302331
1444434204123422400303444132444341313244200313100111210302334012011403034412221142340343243242240410
1242312323213023144141423010440434003104332443333003422431132042001332041321001412302142001311420443
1303210003030232210101304144340413211030414012304224400321420302233344020433000220312322340203421444
1344403334314340412430014002324043303232411341032442422041003401443332134340411244001340143413430304
