30240201340214321333043000203403320231413204041410
11201300442110041411141432034104441401331231404103
12301430334323030442212041133230324421401000241423
23300423444142241414301221121404243304003323220320
31003112142041414034410424401321024012322041234221
32200440134424321423144133444324202330410421322421
21043114102111042131202214403313331402210114112233
04030032134320333444121014202340101201031224413312
31403314011010014400321403244141032200212313330244
24431002301341413224411211200442223423211412214441
23210224320434311012220202210321333023021042043323
11344142001430311433404021131030241123313421322130
10040214240201443122344103024033313134403200212442
42113103242400131024000202120432031024110420334133
01331010400104403143203022320400031222401434410243
11324323032102222014003420143202414214314022420041
10302304112304210240424332431443401413411102222012
14134420342133334111034301223220104032123134133241
30110440124223221331140004123014124123320312123323
03444102020323104104010333030330204444032201013423
14220101200343333443432342143420114222204443411123
24124121421004111334200303021230230301020320314211
13212141123402212220314140003232332244400242431343
20214224002432031013140034321012414120244113443240
33432323043303032132114403410012340410203342011410
01402044012142444103310224411000143340434243402133
22341113023321110203104112302200330220214420234303
34221224021211420401003043120321203243020310440004
33411432240423023302112224032111213241031322031121
34241300200443100210042244410243143120330412041134
20014044231331320342432134102241044122323404232024
31030332134244324431144231101131330331010103044112
23304000430104402243231131434414001422233030413201
22301243400241010322131140442342334144124103144304
01032344202210230002431444434410401044223241202430
44301210120422211313213113224243144142434132241124
33233011101043230302321230203330311231411304420034
03101141141420323112301201421401203431120400210201
23432342243324312330404401122011232214203110423203
33223201431321212242111143411321104444222413020001
21341314120034221100313210430012221023113011433201
02244041442243124214420303224210033123200232241312
31111214241402430134300234241001343432114331134310
00041000024332211032121002202021412002013332121013
10342431040342043403340101033410231444211000132021
42241204042133430010301012322320422203134040030231
32412430430412200422331400332231401214323004021414
20243413412410000314434132221402100121121423004204
10443134040324001240324202044032202200420243333024
02344032432414123342300343424121222210001313414031
