4010110342223013132300104341212111031244321011343141121042411440132143431304240322213400311111401200
4311300010144043034041342024140122400200230132321220110131004422402013241243330222321413414411103101
2130212120131223404202433333000303401231213004241211221020033042333302324024101134112441042221030343
1202411441001440330424442131100114321314004134443424330344002140401424134200100320041411341023230212
3340114004002320234031423213040024444013112313103321224314410403424333414400001113123431121000140333
3102404233114104211142412444113301123334020110113434211004322110012331042043300422333044300414014003
0014101132232043121020100223133344120434103032334031130441444424400221441403314323103020401010133020
3203304220311343000002214122414341320221030231203231304320434403123301130433344032040214130332132032
2014023013222442300403331443144313142123210101310144204444214324241414033444043341201111020232434223
4041101110103422111411114123212112233044133310013441041012430023314301213024112133302400443022224334
1100204232133230042302002041223241410014221244223321404021413213203041310432111300432122123240232012
2002322212030033322023423323131201112021004010434322313100423203044440030131023344021322221221204423
4401342213021021121140010141112432011000302212032201132004040003222004242104001123432013430020432122
3441041102124144434434131131031112313001113103243431113333234340023113044320342310124343141032402030
0021310101410220021233143233223042044012322110342414022341133220402310431020223030201344202134112120
3101224103444121401010001002031103113120434330133323313023342123004420221120304412423210042010342031
0041032312103221241403431101340004423324424334013000121203213030324303214302231300333200142103432323
3023301241024424104144412130344043134403043331344123100443143341212313014300103133042434012131322010
2300111041241031401042403112013322313210322304344433343111140442034211004243432333041104423010001230
2312303003431222211134103141124013141021403133302333132434144223132414242214113120414412314100433201
0202012121000242320443341224201034341234014423342320144420404341404043140243111110242302420433040334
3221301033043241034210213243232243103413113123113401221323201102421312241111220134124232112242221401
1024021413322200323001403010430043142001434130311124024203303133241303040214444411132230400211241420
4323304232341140012302030224111441342013330314202430440204100242000241311331323343141133223211214102
4020230324442110123013141111140014141013240304134131443212230130043224403430303313200224433223322402
1414010302331123334432001444113143323121310330002320304030442401011243031013004043433321430021440203
0014244114224103001403212012012404201003334430010140120441112114123431403234120003222010330112422101
0412332324200200234020444411232143012424244133200211314210211041301111002041233332314413444311014004
3300030120334443024344211140233233030232333421112101223244310234103310304442214234140444132003323413
4331440412230334023103030231204331013131334224234404224311142423314134223410133003421012424103420202
4033444342200323134122330323440041422414414033130302414122131022330420410242031023114203343034433403
3122312114401304423201142420032311402131213400104132434203034120210003312133341112031114110001100042
0011232412100011033344022141100002401202413141313200411414211232441122001401014230121222222402221002
0041331430203023222302413204101112412433013420321431404241213303324122122122442123422123203303012443
3301100402303331104142323331431132431041012022430044104142131301440342130433130334323012021420102133
1144132202141231000044242324210212413304302411014132022241312341431122311202333144403142310023420142
0112413134244342244333124321330221341443034044002404400102104441403240201320033033242210212121224323
0421030312302344232443233404402142331403214014344314032114241112230214121233303042424240344234312303
0142241112101021242111220400004411412111142133004233020413010024000420221003321403334144043220234402
3424224314320020212412410031412413022234140044211301344213333144344200223421301401241232121224401320
3220421333122003123410344431044343022401444000133414413143322134124301211412144004133421243310133011
0333001241212124402140320003011312141341014343443214422004443232100120104134213012124014412434311142
4003401231424103113032041214030010123332043304441223431011434040401142430022402443223103213303440022
1412021204433402022420441243422103042422224131344002132044410121243443430003213141201441430012303340
1203101113332341304042311314420420001042431402130224104240313130431440044440034233334330234200300421
3301133314043410044204320420444231013413304144041024414324243042010004013120421210412041214120000100
4224123224200411440113300042043202342323030111210242422103043412414421432403222200200113234211434442
3123313242040142140343140302301101400410133322414300124242224233443401100321021003242230233414432042
3223314031011334242202400414042003011233144013421010202041201334421403223224134220200112433213413431
2124231320310314032321320441133123124322200004441002000103041234213131134211424230004210432022104124
1024000243314044224112114310020141034401121131120121434430404423313024223400442404003021410344444403
0011300022220342434322133020124044202133243441233004303011102003300444300101212344243432432124340222
2341240204414234011001341010111140233103421001043244133034100302042402343333314434211200114402211232
3342342430243330232220201121323131321322333232344123443040041104333404412221242242212240041300414033
0111033403344200302413220124342400042441310041142410113121203423001344242411311134122001102033202034
1220420334224124320324104133301230422013243330020333000202413130134144221413230141211211403310344222
0003341044411044213322020134233002131332420432104023103223121104140130002020332331030134123430021003
1103213023000003032033040300040044201403401041421242442322201113410304232043224314213143011312214404
3132024021132220233144402200113023242210023124331122240330202422134240242230144113232010040101301310
2314124134203422414122123230122200202111202213141323203444314204222333414010031024342430041102140112
0322420122031424432404124011004031431403332010133021220044324023422404442204333041014020000311044301
3311444303320031224002322002110041100244420024421343002201320304340201142344423003444340441024302212
4310414444401012100312112214320141241123100031440121214243101412342300200440302242042200102000241313
4332030230044030233404214314034430012332320211211003444222103220433033320434340210131214441314412030
4304130233122142044404043311311000431401400014204333314013014444321110342034402131431312340230011243
2443121021212314044411333312033224000303120402200114104413043321331412341214114041241203032414133140
4213242313344244212341213431123244240020030322210304321221003333103213324140102244403412043010040124
2432404120424403200104131401101043114341013112044244423110100102303134220123404011440202032244432020
1120321133404131230002310244021332141133414114303141000242333311403031130233030002320102232022304332
2130010314142011212031434214124300344021344120321142444024343241413200403311211133414410243041232024
4124041042444111112224201420104010210232431332021222114221402232332112413420230112324131203213020130
2000244441022000434412123030012111010311121324143314240123210302330122114043001340103042341111302432
1411313323032114044041344034100423232314341442021414410213440202010013433422224303203034100124123101
1341201311433241231112212434343232210322432130404024134110124440103314322023401404311001222204040120
1033110324010101343113400221120041121302222122233401302220014043244444110220342031241314110343120340
3314014434223402132122243231111440100422023310322314340302204014401412424013100242111014442040102111
1400134022401030342412034400044042132103232101441100214334310014023341311021110343003113321120304204
3114114042114424311430112313240132400132043441231214044434311130234304224433013412202310304332434400
0001124314011203230242232143223110311003444304424212043111012200024243424031000410301133124020144221
4133001243023000200301411223412103322404224303043240134044004314131024414240431410232021130010333112
1220230032123030231114420024110423122132013011132202222240243330142101134223112312211443231420241301
3424333110320011211424443414431211203423031213313033130210420414422214424400220133424402221434440101
4142432213330020010210122214330134432044324014331241404210130123344341032020341100231234123333323333
4013300201222123133410403323430101104300211042113033004041411003100001104404322022031331432430110322
3024133104443132204411310111223411342000311243220444323230032414034321401022102144112204040442232202
0022222122004114302200341121414341300331404100204111121432104231331133421301144320133022331404400413
0114311233004141201234042010412013404414342021032031200030442224130312400210204001212232031234222114
1123403113400141342044012222101243002441042032442132410042400203102230202312444201030222413201440330
2342203033130421432342121022013304341012302302123213003133010441102134211102430443320204031033211201
3144041144014130043143302303232410330403413311100421140343103341402303031322032424412422431030234134
3101011032244434431434232244003144423014133230123044134423412114412311201201101314333234321110202124
2124132143114311334224433114431321111111144400210240424122200121213333340222314330441432220214332110
2140012301102420414134430002033123040140413022221024243442220040243143334240403141202033241021432134
4444143414442200421124242310114133143203431203011223442103344200341302203223024200134431443302003004
1214313003033030012222000231320103312024403132024221243223024414320012204202411301303422312412023420
0320141240030344110110302311030310001412444443332310212132140444104400414144101343234102021133422440
3114034210321024124341210034303004023303323100132010403044024232302141020334303113344042421141414002
0210040211443222013220101140023310240202441320114404044330004342110004240402222123021300123343120122
2400132114421004010444223301010341010132420123042103221311213424320333333014223320344420110334344311
2011402041410123000314344311404103040244012021444444344233242344303423433122021400403202100212034444
