1033423022012404144002331411144123331010123401300101021111404301240240320212412442444012223412230041
4423021201120042312221320220024312233443003332320303110224204230132000440012143120224430311132440333
0324310022044423244340342044344142244444010321124300002131121220341021433423010133133023431403304000
3203443301312233200341302324302321140311414421004132330421224131434443042012214103333412443431133212
4300402114001323233020011120040102410410020110300300033000124211304023233210341241432133414342022214
1112321402133144231112201041344244444410211012042033113111300432400113404220414113204140314311030113
1022422142110122012011041330332214114414104221211223412401023112002011104011340230412133223024022122
1112142013411132130312440330330140110003424233323022121040000414134312301131133242200401322131132111
1210310012013333411441032143303421031010310212410043322232441240121422244412401233440021424143321212
4420203314234102134012033224220441314432303222301244223133134203403134341333331401112230224131131142
2120404442413221414231112220431130432411444111422233334013304420214423223024421342222321312133402323
4412103104203441310430410232214220301103431312000120120103232012211204110124211331144132323303024020
4342443401134404003100324401340033222221034233121411031020011120012440410433003031234213304034331113
3202434134404311441421000010032342442421142022142230320010242042433310034413002402241220232022142311
0412102143402222213214442204231240044014210422010202141230023100301103321203014221442433233202203404
1101440422014003002041214120420134014403341024311320343432400220410224332134442322223141333113122123
3442441024241420342223431224242241003334111134201243320213143022224132331320200013022431114204404441
2140120120422242313302303344112224202101130234420430124101340040123341302323003013133034102413220214
0004131300114144331223311000004121301243104220102133311210143324234034032211011310143412012334331143
1232114224303231023013344013031143333303100313230243241023340134141434131112011024101243131114432202
3131131230032001344403414130113220344243130410342201100202430333421323044144230030012333324211311114
0143423234411420301111400301021213424121201120330230043343143301214211143002112140002440211222103143
4413013134003101242310334212222320433340030243022224233012410140333003111130442433133440024432324202
1343123212410010214401323230043130334111000223230403012014434400010012323404430340030302243132330344
2110403110301304133220333333140403444132042333033224344221130123310423411404213404013032401100114020
2440141201201433002222242210034324230402000410422024321404420331021040401432344004204424223434100313
4333441034010302034104021103242123200242340412112001010302230140311234304104123132033032243313120043
2330102230003133310224002212223143341411404213413311230123224223323342320430241411130043342302300431
2342220244302421003021201433142210432140123110334123110134200340442133440310131211031133432411213140
3323211040222222410343301413032434431022441112130231121013202014040210423231341034210044424433042203
3001340422014320330043013000413242020103130344424324141412241322043034112334241144211302112100044010
3433040020003442433243243103324312201320112214230310211240401042213134243111341310421121133303433444
0310332403023334010213442033204124341110132203240222400013034011110442312344213344240023223042131311
2422114440202304220021102143123332221331304320134022142144022043132304333043414313111443113233320422
0443434201033414103120344100344233032040302133031022034412124104340114202321414042141042241330141240
3310333340130214412442003210121233422340131013411234114312124244112121242301340020001344002413030400
1041111320323231113212004233311114440323410144010012433412123130312112130022240411031342102402400400
0413003132113440202441410201344122101243030214003322202404314042134224432220404214233133343320011323
1144111014003431443314010220001120341140324044313404002110021040221201030413313101124301024103044401
3401040211334331244124122242310442102341132141023031142003301311404421113141331200042030142220444020
2011100344332142304141344141334102122211341344101044200422011300344311342404300303303412132344332144
0143301104321410044400423121202421144320030220110103412110420022004441313023013133042144420003232040
1240432441330024331422111201300213223021110302134331331421303024413202233022001213200424412022144041
0411241333333002043204300034332344041341223324443044440423224001143233032143433334411110402304201440
1312220114042420232030020124011132433330133234334404124401221403214112324444134323241144001332221311
3120240232122212332120434320104202242023044130114011144323204421021031212244321440111131333441400433
2133323032411112214233312111442024414003041330240044130432442042404303030143444201231003212340341323
4341403434220404121343123124013344421300224040303404311024002304214233434020102203403134344214034443
0021111341443012300411342423413420102012334040143322440400232044421233120341230022022312302222443233
1301300010042414422243311334142213033000323004432022031021024013410410334431122243404443014041130343
4210114224042011424323331203423033003342114211444123420333101130434241114132314003024141001044234111
3422314243314001243431203140131032021241213103223014413232113444200320041030012140132344204334031220
1210201023032334444340042332011004312001033201211102311443043410303123312043033313343002113411031433
3004104414031300404020214201433012011400414423400100034223211400123312330431212040420102422132033232
4420132320312340400240020104114222341320234414044210224031024411243204112030043403130222131311402444
2241313104024142124123042001043124333032103103242003304130411242432244144232143114314220121441010203
3143433140120430233430102111230320442422230300220202404101122100243414131241121034433311030412123424
2434334220013422122204222304112222003123110313431201240033422202000002032324403004022231001133110404
4010003323343202210124223344430244440103301042222133000000121232231340332031102011113242301041400204
3231423203144311220303002240022134404214123112012422421142221210320440020402341324123143142034003312
2431002340044324320121144331014442002001213300010000042334011333200000243010003003323403030330411124
0032402244441333131020003420234311204124412334130144121341211404402123240134114311140242132111020022
2032121014140223223004404212200132324010404313134213102232432344402302134200220343421231004201113221
0201032120323414410234124341341220102022324203142242413340033003124200122330103122011414202144404402
2031422143233333302223001443211130123344144401234143032242440223312424020303003024101202024232120142
1333241104003410121332344100411034411241414224012202034343220031120013101103310401232133001203422110
0440341401021224410304343402214033224233322022111301130423142124420444040144101003103112131141131021
1444222140221030412343211234101344033401003214332123234432240014103243114233143022044414022312424231
3332342333030221201043001402003443443032212023433012421313144004303043321120334243214220413101420243
0001442303033112110201121222231130242020314030000402412424323103003131440143343434104003244204423032
3433403122313024132442442013114434213123304110302343131012011013440300303104441010133041143103103002
3203104132310240030433241403220423202110131220231030303321201030424011141314120312134130432431400410
3022120243212033203442411003444142341220140243012242103132140320110411004430302004341024321313244233
4344344332143440413203223142442301111440100322034233202421002001112411241201204303100302220331031244
4031241441324444122201221344113343141233441232224243404331334423121410114002303412442000340304241241
3103224303343444102300412114001101004314000024223021111223403040110423310220441311032230134144140441
3432222301044122443441202231330301031224034120103241041344401121443322012232102400010023402030233311
3321344332413140031331324332220143004140140144002304111424320442144243023342023123100401324420212014
1120034424013210242144411100222441122332141332123232142030144413430021433003244332134211121042340410
1313020001310301033020201203142304304220414342220304141040123002023040413030240230403004421030404102
0014140130424312134032210331024140131041214342130443012010034043243443230203021431024243201220120120
4231031232444014404340212240404310212413034320311224031443110114334442304242430411243033241300322000
0332430322024201111420100210044332322442104321000424321202234044224022432120024421202434013100420220
3200012000414104401233332010033221323411313030432202341414433232212030321210434442110113243441111240
2410103231313013404222121102302142111321444031042301322334430232114344142440432014410213422104332001
2204222322233413241044302030303342423110233420434034304231001034104120024301100003401212130423104232
3200333121124033323404314413014043101440433322021330414304042032010322302210121320143303024010202020
0140232141101344020122222012211324202232420422231114412033012441103434414022422110334331041200143311
0321343224113323322303441002410023040004100231413044314323141402020234313234341021013310423102413133
3040313002212032200343112413403113422412410132324210341300243240242233324024122344113410302204344231
1401210430001422022413440341012302222130300212443200414301222331340003400122440001411024143201320010
4231442404203344441234024300142303043332221010013044421141223444331143002141224301121242411204011442
1031131430140430211212140012344333232434401234323022321200341340401001224130212004211420331221420014
3000240330011410430041423304411333131310310021130314332111132334422312122033122031301033010401110342
2222022042333222033103120141220301404303111222230134212412232433203441213330043131044430320034112111
3013224101144112330414334331110213304232403410421024344321203340014143324231104330310140240142304241
3220321233303222234423244024440213102112100220132423114134213333131242141223240344314224133340202103
4331123400011303211103110344212344423214220410044014144241443231122000000400140241103222202124240412
2413440224011134411000102122332320304014002001141321131020311112021334012121024131413313234424422233
3404220321320042103014244224403204222423313442123023334202020242131013432003432133143114422201431210
