00104421421204143131323342021410001221221234201223
10410040333332013332121104411331202003002444122304
34140122114341310103003211100113234231101343004334
43100421302104331234420030410000311324243113043021
32110244302232231414300000304443130224114204244210
12421324002342004101303102140401004223121423340143
32132444322243223200200024002302302302400413144123
01041244130220212342434314040200340423234042131141
41310124411313401321111030301311041401204301441121
21231104342334104022241403100203040214420111010301
24101413233034203301103034404312204404444101143132
11042222400031432442440243312044432013301132320114
04113034104044401102143113342323200001100303042120
21233333414344304032314413021402143323421311434003
23042304323323222102420330112123212440334400133410
43021433142013304221401230412324323240040133422202
43414033222210121302022200131102011304222444334300
44214243220213223133121202414114340211240134400111
30124214400324144113222223334003410241332002324242
32300403203043424314303444140024314223230134100144
01234022343121323103303330411044040414304401243142
23044443104430410442021344400341221443001321103110
20433141332031012102014044324124444400311413134023
03023104311440341040144201111334111414340241133341
43402222211321223433444434120314004141220430123330
21241233223223404314134122141201221023003332011042
30040140242240043204421143340342202111010042034434
33242132220022440231012020131022111233210212104343
43313040011022112220001133342024131303044132124434
04202211012423422110444112102404213100123310341403
02340022331030124400102230334341233430243013044442
10234411224034034301021301034232424221323440040422
31102030432214144130130301111001040420133024021341
14044002314320313412311404244340241124000301233440
12210241302243434403233320011003211123201110312211
21221321233321233302011111313243044304124030242003
31440041344403413343404301221132220423334140403414
22133001342222144413212234300434210022130311133224
03012102022434024010430420344001241310324241221331
12433101133033111243111423013113414344343133430101
01242210032302434020202142212311430040023241002331
02144320323441303420313414320303233402000340110132
20332314221134433031410232300312143332210422220042
33143212400044424340412310220334044431121144000220
41034441423021122220040120321311103120441114244431
02322210102124134333431332000242413044410030430221
20102321003301213422320132113230333204124440302140
10312430443141423113403040033241224403441041024201
23042013433300014003400230112204112141304102122201
13412312304213303303244432123424310223001101233141
